week-1
c1p
2016年7月3日
1. 计算1~1000 所有整数的倒数的反正切（即arctan）。提示：参考?Trig 帮助页面找到反正切函数
x<-1:1000
  for (i in 1:length(x))
     x[i]<-atan(1/x[i])
 #或
   x<-1:1000
  atan(1/x)
##    [1] 0.7853981634 0.4636476090 0.3217505544 0.2449786631 0.1973955598
##    [6] 0.1651486774 0.1418970546 0.1243549945 0.1106572212 0.0996686525
##   [11] 0.0906598872 0.0831412319 0.0767718913 0.0713074648 0.0665681638
##   [16] 0.0624188100 0.0587558227 0.0554985052 0.0525830616 0.0499583957
##   [21] 0.0475831033 0.0454232794 0.0434508954 0.0416425791 0.0399786871
##   [26] 0.0384425900 0.0370201159 0.0356991127 0.0344691010 0.0333209959
##   [31] 0.0322468824 0.0312398334 0.0302937599 0.0294032882 0.0285636578
##   [36] 0.0277706366 0.0270204492 0.0263097173 0.0256354085 0.0249947936
##   [41] 0.0243854092 0.0238050262 0.0232516228 0.0227233608 0.0222185653
##   [46] 0.0217357068 0.0212733860 0.0208303200 0.0204053307 0.0199973340
##   [51] 0.0196053309 0.0192283991 0.0188656860 0.0185164021 0.0181798151
##   [56] 0.0178552451 0.0175420601 0.0172396712 0.0169475298 0.0166651237
##   [61] 0.0163919743 0.0161276338 0.0158716830 0.0156237286 0.0153834018
##   [66] 0.0151503559 0.0149242650 0.0147048224 0.0144917391 0.0142847426
##   [71] 0.0140835758 0.0138879959 0.0136977734 0.0135126910 0.0133325433
##   [76] 0.0131571355 0.0129862829 0.0128198105 0.0126575518 0.0124993490
##   [81] 0.0123450518 0.0121945174 0.0120476099 0.0119041996 0.0117641631
##   [86] 0.0116273830 0.0114937467 0.0113631473 0.0112354823 0.0111106539
##   [91] 0.0109885687 0.0108691372 0.0107522738 0.0106378966 0.0105259270
##   [96] 0.0104162899 0.0103089131 0.0102037275 0.0101006666 0.0099996667
##  [101] 0.0099006666 0.0098036075 0.0097084328 0.0096150883 0.0095235216
##  [106] 0.0094336824 0.0093455223 0.0092589947 0.0091740545 0.0090906587
##  [111] 0.0090087653 0.0089283342 0.0088493265 0.0087717048 0.0086954330
##  [116] 0.0086204761 0.0085468004 0.0084743734 0.0084031635 0.0083331404
##  [121] 0.0082642747 0.0081965377 0.0081299022 0.0080643413 0.0079998293
##  [126] 0.0079363413 0.0078738530 0.0078123411 0.0077517827 0.0076921560
##  [131] 0.0076334395 0.0075756127 0.0075186553 0.0074625480 0.0074072719
##  [136] 0.0073528087 0.0072991404 0.0072462500 0.0071941205 0.0071427357
##  [141] 0.0070920797 0.0070421371 0.0069928930 0.0069443328 0.0068964424
##  [146] 0.0068492080 0.0068026162 0.0067566539 0.0067113086 0.0066665679
##  [151] 0.0066224197 0.0065788525 0.0065358546 0.0064934152 0.0064515234
##  [156] 0.0064101686 0.0063693406 0.0063290294 0.0062892253 0.0062499186
##  [161] 0.0062111003 0.0061727611 0.0061348924 0.0060974854 0.0060605319
##  [166] 0.0060240235 0.0059879524 0.0059523107 0.0059170907 0.0058822851
##  [171] 0.0058478866 0.0058138880 0.0057802824 0.0057470632 0.0057142235
##  [176] 0.0056817570 0.0056496574 0.0056179184 0.0055865341 0.0055554984
##  [181] 0.0055248057 0.0054944502 0.0054644265 0.0054347291 0.0054053528
##  [186] 0.0053762923 0.0053475426 0.0053190988 0.0052909559 0.0052631093
##  [191] 0.0052355543 0.0052082862 0.0051813008 0.0051545935 0.0051281602
##  [196] 0.0051019965 0.0050760985 0.0050504621 0.0050250833 0.0049999583
##  [201] 0.0049750833 0.0049504546 0.0049260685 0.0049019215 0.0048780101
##  [206] 0.0048543308 0.0048308803 0.0048076553 0.0047846525 0.0047618688
##  [211] 0.0047393010 0.0047169461 0.0046948012 0.0046728632 0.0046511293
##  [216] 0.0046295966 0.0046082623 0.0045871238 0.0045661783 0.0045454232
##  [221] 0.0045248560 0.0045044740 0.0044842749 0.0044642561 0.0044444152
##  [226] 0.0044247499 0.0044052578 0.0043859368 0.0043667845 0.0043477987
##  [231] 0.0043289773 0.0043103181 0.0042918191 0.0042734783 0.0042552935
##  [236] 0.0042372628 0.0042193842 0.0042016559 0.0041840760 0.0041666426
##  [241] 0.0041493538 0.0041322079 0.0041152031 0.0040983377 0.0040816100
##  [246] 0.0040650183 0.0040485609 0.0040322362 0.0040160427 0.0039999787
##  [251] 0.0039840427 0.0039682331 0.0039525486 0.0039369875 0.0039215485
##  [256] 0.0039062301 0.0038910309 0.0038759496 0.0038609847 0.0038461349
##  [261] 0.0038313989 0.0038167754 0.0038022630 0.0037878607 0.0037735670
##  [266] 0.0037593808 0.0037453008 0.0037313260 0.0037174550 0.0037036868
##  [271] 0.0036900202 0.0036764540 0.0036629873 0.0036496188 0.0036363476
##  [276] 0.0036231726 0.0036100926 0.0035971068 0.0035842140 0.0035714134
##  [281] 0.0035587038 0.0035460844 0.0035335542 0.0035211122 0.0035087575
##  [286] 0.0034964892 0.0034843065 0.0034722083 0.0034601938 0.0034482622
##  [291] 0.0034364126 0.0034246441 0.0034129560 0.0034013474 0.0033898175
##  [296] 0.0033783655 0.0033669906 0.0033556921 0.0033444691 0.0033333210
##  [301] 0.0033222469 0.0033112462 0.0033003181 0.0032894618 0.0032786768
##  [306] 0.0032679622 0.0032573175 0.0032467418 0.0032362347 0.0032257953
##  [311] 0.0032154230 0.0032051172 0.0031948773 0.0031847026 0.0031745925
##  [316] 0.0031645464 0.0031545637 0.0031446437 0.0031347860 0.0031249898
##  [321] 0.0031152547 0.0031055801 0.0030959653 0.0030864100 0.0030769134
##  [326] 0.0030674750 0.0030580944 0.0030487710 0.0030395043 0.0030302938
##  [331] 0.0030211388 0.0030120391 0.0030029940 0.0029940030 0.0029850658
##  [336] 0.0029761817 0.0029673503 0.0029585712 0.0029498440 0.0029411680
##  [341] 0.0029325429 0.0029239683 0.0029154436 0.0029069686 0.0028985426
##  [346] 0.0028901654 0.0028818364 0.0028735553 0.0028653217 0.0028571351
##  [351] 0.0028489951 0.0028409014 0.0028328536 0.0028248512 0.0028168940
##  [356] 0.0028089814 0.0028011131 0.0027932888 0.0027855081 0.0027777706
##  [361] 0.0027700760 0.0027624239 0.0027548140 0.0027472458 0.0027397192
##  [366] 0.0027322336 0.0027247889 0.0027173846 0.0027100205 0.0027026961
##  [371] 0.0026954113 0.0026881656 0.0026809587 0.0026737904 0.0026666603
##  [376] 0.0026595682 0.0026525137 0.0026454965 0.0026385163 0.0026315729
##  [381] 0.0026246659 0.0026177951 0.0026109601 0.0026041608 0.0025973968
##  [386] 0.0025906678 0.0025839736 0.0025773139 0.0025706884 0.0025640969
##  [391] 0.0025575392 0.0025510149 0.0025445238 0.0025380656 0.0025316402
##  [396] 0.0025252472 0.0025188864 0.0025125575 0.0025062604 0.0024999948
##  [401] 0.0024937604 0.0024875571 0.0024813845 0.0024752425 0.0024691308
##  [406] 0.0024630492 0.0024569975 0.0024509755 0.0024449829 0.0024390196
##  [411] 0.0024330852 0.0024271797 0.0024213028 0.0024154542 0.0024096339
##  [416] 0.0024038415 0.0023980769 0.0023923399 0.0023866303 0.0023809479
##  [421] 0.0023752924 0.0023696638 0.0023640618 0.0023584862 0.0023529368
##  [426] 0.0023474135 0.0023419161 0.0023364443 0.0023309981 0.0023255772
##  [431] 0.0023201815 0.0023148107 0.0023094647 0.0023041434 0.0022988465
##  [436] 0.0022935740 0.0022883255 0.0022831011 0.0022779004 0.0022727234
##  [441] 0.0022675698 0.0022624396 0.0022573325 0.0022522484 0.0022471872
##  [446] 0.0022421487 0.0022371327 0.0022321391 0.0022271678 0.0022222186
##  [451] 0.0022172913 0.0022123858 0.0022075019 0.0022026396 0.0021977987
##  [456] 0.0021929789 0.0021881803 0.0021834026 0.0021786458 0.0021739096
##  [461] 0.0021691940 0.0021644988 0.0021598239 0.0021551691 0.0021505343
##  [466] 0.0021459195 0.0021413244 0.0021367489 0.0021321929 0.0021276564
##  [471] 0.0021231391 0.0021186409 0.0021141618 0.0021097015 0.0021052600
##  [476] 0.0021008372 0.0020964330 0.0020920472 0.0020876796 0.0020833303
##  [481] 0.0020789991 0.0020746858 0.0020703904 0.0020661128 0.0020618527
##  [486] 0.0020576103 0.0020533852 0.0020491775 0.0020449869 0.0020408135
##  [491] 0.0020366571 0.0020325175 0.0020283948 0.0020242887 0.0020201993
##  [496] 0.0020161263 0.0020120697 0.0020080294 0.0020040053 0.0019999973
##  [501] 0.0019960053 0.0019920292 0.0019880690 0.0019841244 0.0019801954
##  [506] 0.0019762820 0.0019723840 0.0019685014 0.0019646340 0.0019607818
##  [511] 0.0019569447 0.0019531225 0.0019493153 0.0019455228 0.0019417451
##  [516] 0.0019379821 0.0019342336 0.0019304995 0.0019267799 0.0019230746
##  [521] 0.0019193834 0.0019157065 0.0019120436 0.0019083946 0.0019047596
##  [526] 0.0019011384 0.0018975309 0.0018939371 0.0018903569 0.0018867902
##  [531] 0.0018832369 0.0018796970 0.0018761704 0.0018726570 0.0018691567
##  [536] 0.0018656695 0.0018621952 0.0018587339 0.0018552854 0.0018518497
##  [541] 0.0018484267 0.0018450164 0.0018416185 0.0018382332 0.0018348603
##  [546] 0.0018314998 0.0018281515 0.0018248155 0.0018214916 0.0018181798
##  [551] 0.0018148800 0.0018115922 0.0018083163 0.0018050522 0.0018017999
##  [556] 0.0017985592 0.0017953302 0.0017921128 0.0017889069 0.0017857124
##  [561] 0.0017825293 0.0017793576 0.0017761971 0.0017730478 0.0017699097
##  [566] 0.0017667826 0.0017636666 0.0017605616 0.0017574674 0.0017543842
##  [571] 0.0017513117 0.0017482500 0.0017451989 0.0017421585 0.0017391287
##  [576] 0.0017361094 0.0017331005 0.0017301021 0.0017271140 0.0017241362
##  [581] 0.0017211687 0.0017182114 0.0017152642 0.0017123271 0.0017094000
##  [586] 0.0017064830 0.0017035759 0.0017006786 0.0016977912 0.0016949136
##  [591] 0.0016920458 0.0016891876 0.0016863390 0.0016835001 0.0016806707
##  [596] 0.0016778508 0.0016750403 0.0016722392 0.0016694475 0.0016666651
##  [601] 0.0016638920 0.0016611280 0.0016583733 0.0016556276 0.0016528911
##  [606] 0.0016501635 0.0016474450 0.0016447354 0.0016420346 0.0016393428
##  [611] 0.0016366597 0.0016339855 0.0016313199 0.0016286631 0.0016260148
##  [616] 0.0016233752 0.0016207441 0.0016181216 0.0016155075 0.0016129018
##  [621] 0.0016103046 0.0016077157 0.0016051351 0.0016025627 0.0015999986
##  [626] 0.0015974427 0.0015948950 0.0015923553 0.0015898238 0.0015873003
##  [631] 0.0015847847 0.0015822772 0.0015797775 0.0015772858 0.0015748018
##  [636] 0.0015723257 0.0015698574 0.0015673968 0.0015649439 0.0015624987
##  [641] 0.0015600611 0.0015576311 0.0015552087 0.0015527938 0.0015503864
##  [646] 0.0015479864 0.0015455938 0.0015432087 0.0015408308 0.0015384603
##  [651] 0.0015360971 0.0015337411 0.0015313924 0.0015290508 0.0015267164
##  [656] 0.0015243891 0.0015220688 0.0015197557 0.0015174495 0.0015151504
##  [661] 0.0015128581 0.0015105729 0.0015082945 0.0015060230 0.0015037583
##  [666] 0.0015015004 0.0014992493 0.0014970049 0.0014947672 0.0014925362
##  [671] 0.0014903119 0.0014880941 0.0014858830 0.0014836784 0.0014814804
##  [676] 0.0014792889 0.0014771038 0.0014749252 0.0014727530 0.0014705872
##  [681] 0.0014684277 0.0014662746 0.0014641278 0.0014619873 0.0014598530
##  [686] 0.0014577249 0.0014556030 0.0014534873 0.0014513778 0.0014492743
##  [691] 0.0014471770 0.0014450857 0.0014430004 0.0014409212 0.0014388479
##  [696] 0.0014367806 0.0014347192 0.0014326638 0.0014306142 0.0014285705
##  [701] 0.0014265326 0.0014245005 0.0014224741 0.0014204536 0.0014184388
##  [706] 0.0014164296 0.0014144262 0.0014124284 0.0014104363 0.0014084498
##  [711] 0.0014064688 0.0014044935 0.0014025236 0.0014005593 0.0013986005
##  [716] 0.0013966471 0.0013946992 0.0013927568 0.0013908197 0.0013888880
##  [721] 0.0013869617 0.0013850407 0.0013831250 0.0013812146 0.0013793095
##  [726] 0.0013774096 0.0013755150 0.0013736255 0.0013717413 0.0013698622
##  [731] 0.0013679882 0.0013661194 0.0013642556 0.0013623970 0.0013605434
##  [736] 0.0013586948 0.0013568513 0.0013550127 0.0013531791 0.0013513505
##  [741] 0.0013495268 0.0013477081 0.0013458942 0.0013440852 0.0013422811
##  [746] 0.0013404818 0.0013386873 0.0013368976 0.0013351127 0.0013333325
##  [751] 0.0013315571 0.0013297865 0.0013280205 0.0013262592 0.0013245025
##  [756] 0.0013227506 0.0013210032 0.0013192604 0.0013175223 0.0013157887
##  [761] 0.0013140597 0.0013123352 0.0013106152 0.0013088998 0.0013071888
##  [766] 0.0013054823 0.0013037802 0.0013020826 0.0013003894 0.0012987006
##  [771] 0.0012970161 0.0012953361 0.0012936603 0.0012919889 0.0012903219
##  [776] 0.0012886591 0.0012870006 0.0012853463 0.0012836963 0.0012820506
##  [781] 0.0012804090 0.0012787717 0.0012771385 0.0012755095 0.0012738847
##  [786] 0.0012722639 0.0012706473 0.0012690349 0.0012674264 0.0012658221
##  [791] 0.0012642218 0.0012626256 0.0012610334 0.0012594452 0.0012578610
##  [796] 0.0012562807 0.0012547045 0.0012531322 0.0012515638 0.0012499993
##  [801] 0.0012484388 0.0012468821 0.0012453294 0.0012437805 0.0012422354
##  [806] 0.0012406942 0.0012391567 0.0012376231 0.0012360933 0.0012345673
##  [811] 0.0012330450 0.0012315265 0.0012300117 0.0012285006 0.0012269932
##  [816] 0.0012254896 0.0012239896 0.0012224933 0.0012210006 0.0012195116
##  [821] 0.0012180262 0.0012165444 0.0012150662 0.0012135916 0.0012121206
##  [826] 0.0012106532 0.0012091893 0.0012077289 0.0012062720 0.0012048187
##  [831] 0.0012033689 0.0012019225 0.0012004796 0.0011990402 0.0011976042
##  [836] 0.0011961717 0.0011947426 0.0011933169 0.0011918945 0.0011904756
##  [841] 0.0011890601 0.0011876479 0.0011862391 0.0011848336 0.0011834314
##  [846] 0.0011820325 0.0011806370 0.0011792447 0.0011778558 0.0011764700
##  [851] 0.0011750876 0.0011737084 0.0011723324 0.0011709597 0.0011695901
##  [856] 0.0011682238 0.0011668606 0.0011655006 0.0011641438 0.0011627902
##  [861] 0.0011614397 0.0011600923 0.0011587480 0.0011574069 0.0011560688
##  [866] 0.0011547339 0.0011534020 0.0011520732 0.0011507475 0.0011494248
##  [871] 0.0011481051 0.0011467885 0.0011454749 0.0011441643 0.0011428566
##  [876] 0.0011415520 0.0011402504 0.0011389517 0.0011376559 0.0011363631
##  [881] 0.0011350733 0.0011337864 0.0011325023 0.0011312212 0.0011299430
##  [886] 0.0011286677 0.0011273952 0.0011261257 0.0011248589 0.0011235950
##  [891] 0.0011223340 0.0011210758 0.0011198204 0.0011185678 0.0011173180
##  [896] 0.0011160710 0.0011148267 0.0011135853 0.0011123466 0.0011111107
##  [901] 0.0011098775 0.0011086470 0.0011074193 0.0011061942 0.0011049719
##  [906] 0.0011037523 0.0011025354 0.0011013211 0.0011001096 0.0010989007
##  [911] 0.0010976944 0.0010964908 0.0010952898 0.0010940915 0.0010928957
##  [916] 0.0010917026 0.0010905121 0.0010893242 0.0010881389 0.0010869561
##  [921] 0.0010857759 0.0010845983 0.0010834232 0.0010822507 0.0010810807
##  [926] 0.0010799132 0.0010787482 0.0010775858 0.0010764258 0.0010752684
##  [931] 0.0010741134 0.0010729610 0.0010718110 0.0010706634 0.0010695183
##  [936] 0.0010683757 0.0010672355 0.0010660977 0.0010649623 0.0010638294
##  [941] 0.0010626989 0.0010615707 0.0010604450 0.0010593216 0.0010582007
##  [946] 0.0010570821 0.0010559658 0.0010548519 0.0010537404 0.0010526312
##  [951] 0.0010515243 0.0010504198 0.0010493176 0.0010482176 0.0010471200
##  [956] 0.0010460247 0.0010449317 0.0010438410 0.0010427525 0.0010416663
##  [961] 0.0010405824 0.0010395007 0.0010384212 0.0010373440 0.0010362691
##  [966] 0.0010351963 0.0010341258 0.0010330575 0.0010319914 0.0010309275
##  [971] 0.0010298658 0.0010288062 0.0010277489 0.0010266937 0.0010256407
##  [976] 0.0010245898 0.0010235411 0.0010224945 0.0010214501 0.0010204078
##  [981] 0.0010193676 0.0010183296 0.0010172936 0.0010162598 0.0010152281
##  [986] 0.0010141984 0.0010131709 0.0010121454 0.0010111220 0.0010101007
##  [991] 0.0010090814 0.0010080642 0.0010070490 0.0010060359 0.0010050248
##  [996] 0.0010040157 0.0010030087 0.0010020037 0.0010010007 0.0009999997

2. 给变量x 分配从1 到1000 的数字向量。计算x 的倒数的反正切值，如第1 题所示，然后
将其分配给变量y。现在逆转此操作，计算y 的正切值的倒数，然后把值赋给变量z
  x<-1:1000
   y<-c() 
   z<-c()
  for (i in 1:length(x))
      y[i]<-atan(1/x[i])
  for(i in 1:length(y))
      z[i]<-1/y[i]
      
##3. 求1+2!+3!+...+20!的和
 x<-1:20
 sum(factorial(x))
## [1] 2.561327e+18
factorial() ##jie cheng
  y<-c() 
  for(i in 1:20)
      y[i]<-factorial(i)
sum(y)
## [1] 2.561327e+18

4.公司采用公用电话传递数据，数据是四位的整数，在传递过程中是加密的，加密规则如下：
每位数字都加上5,然后用和除以10的余数代替该数字，再将第一位和第四位交换，第二位和第三位交换。
编写加密的函数与解密的函数。
x<-c(1,2,3,2)
cd<-function(x){
    z<-(x+5)/10
    z1<-z[1]
    z2<-z[2]
    z3<-z[3]
    z4<-z[4]
    y<-paste(z4,z3,z2,z1)
    print(y)
}
4-2 解密
cd2<-function(x){
    z<-(x*10)-5
    z1<-z[1]
    z2<-z[2]
    z3<-z[3]
    z4<-z[4]
    y<-paste(z4,z3,z2,z1)
    print(y)
}

5.利用海伦公式编写函数求三角形面积，若输入的三边长不能构成三角形，输出相应提示信息
x<-c(1,2,3)
tg<-function(x){
    a<-x[1]
    b<-x[2]
    c<-x[3]
    s=(a+b+c)/2
  if((a+b)>c&(a+c)>b&(b+c)>a&(a-b)<c&(a-c)<b&(b-c)<a)
sqrt(s*(s-a)*(s-b)*(s-c))
    else
        print("error")
}

6.编写函数，求一个不超过五位的十进制整数各位数值的和
sum<-function(x){
if(x<0|x>99999){
    print("error")}
else{
x1<-x%/%10000
x2<-x%/%1000%%10
x3<-x%/%100%%10
x4<-x%/%10%%10
x5<-x%%10
return(x1+x2+x3+x4+x5)
}
}

7. 找出0-100中，不能被2,3,7其中一个或多个整除的所有数
x<-c()
for(i in 1:100){
    if((i%%2)>0&(i%%3)>0&(i%%7)>0){
        x[i]<-i
    }
}
na.omit(x)
##  [1]  1  5 11 13 17 19 23 25 29 31 37 41 43 47 53 55 59 61 65 67 71 73 79
## [24] 83 85 89 95 97
## attr(,"na.action")
##  [1]  2  3  4  6  7  8  9 10 12 14 15 16 18 20 21 22 24 26 27 28 30 32 33
## [24] 34 35 36 38 39 40 42 44 45 46 48 49 50 51 52 54 56 57 58 60 62 63 64
## [47] 66 68 69 70 72 74 75 76 77 78 80 81 82 84 86 87 88 90 91 92 93 94 96
## attr(,"class")
## [1] "omit"

8 函数f(x) 使用R编写函数f(x)。
令x分别等于-2，-1.9，-1.8，……，1.8,1.9,2，计算相应的f(x)值。并根据取值画出函数图象
fx<-function(x){
if(x<=0){
    y<--x^3
}else{
    if(x<=1&x>0){
        y<-x^2
    }else{
        y<-sqrt(x)
    }
}
}
a<-seq(-2,2,0.1)
y<-lapply(a,fx)
y<-unlist(y)
plot(a,y)
  ##9 A<-function(x,n){ a<-1:n y<-sum(x^a)+1 return(y) } ``` ##10
a<-3:5
sum((a/20)^2)
## Warning in if (x < 0 | x > 99999) {: 条件的长度大于一，因此只能用其第一元素
## [1] 0.0225 0.0400 0.0625
11
a<-10:100
sum(a^3+4*(a^2))
## Warning in if (x < 0 | x > 99999) {: 条件的长度大于一，因此只能用其第一元素
##  [1]   5  15   9  20  18  18   8  21  18  14  15   9  20  18  18  17  12
## [18]  27  23  24   9  20  27  18  26  30  18  23  24  18  11  27  18  26
## [35]  30  27  23  33  36  29  18  27  26  21  36  41  33  45  47  36  27
## [52]  44  39  45  50  42  45  56  54  54  44  57  63  50  60  63  56  63
## [69]  81  62  66  81  77  78  81  74  81  99  89  93  81 104  96 108 110
## [86] 108  99 107 120 117 104
a<-1:25
sum((2^a)/a+(3^a)/(a^2))
## Warning in if (x < 0 | x > 99999) {: 条件的长度大于一，因此只能用其第一元素
##  [1] 5.000000e+00 4.250000e+00 5.666667e+00 9.062500e+00 7.120000e+00
##  [6] 3.916667e+00 8.918367e+00 8.515625e+00 2.088889e+01 1.789000e+01
## [11] 1.220661e+01 8.895833e+00 1.101775e+01 2.218878e+01 3.245333e+01
## [16] 3.225391e+01 6.189273e+01 1.298056e+02 3.419557e+02 9.058025e+02
## [21] 2.408156e+03 6.519200e+03 1.784931e+04 4.911806e+04 1.357194e+05

12模拟计算定积分
A<- function(n){
    k <- 0
    x <- runif(n)
    y <- runif(n) * sqrt(2)
    for(i in 1:n){
        if (y[i] <= sqrt(1 + x[i]^2))
            k <- k + 1
    }
    k * sqrt(2) / n
}
A(100000)
## [1] 1.146461
